num_points: 8
-1.000000 -1.000000 -1.000000 -1.000000 1.000000 -1.000000 1.000000 1.000000 -1.000000 1.000000 -1.000000 -1.000000 -1.000000 -1.000000 1.000000 -1.000000 1.000000 1.000000 1.000000 1.000000 1.000000 1.000000 -1.000000 1.000000 
num_colors: 8
0.094556 0.094556 0.991845 0.094556 0.094556 0.991845 0.094556 0.094556 0.991845 0.094556 0.094556 0.991845 0.997611 0.090930 0.997611 0.997611 0.090930 0.997611 0.997611 0.090930 0.997611 0.997611 0.090930 0.997611 
num_normals: 8
-0.054674 -0.054674 0.997006 -0.054674 -0.054674 0.997006 -0.054674 -0.054674 0.997006 -0.054674 -0.054674 0.997006 -0.054674 -0.054674 0.997006 -0.054674 -0.054674 0.997006 -0.054674 -0.054674 0.997006 -0.054674 -0.054674 0.997006 
num_groups: 6
group_type: 0
num_group_parameters: 4
group_parameters: -0.997006 0.054674 0.054674 -0.848390
group_label: unknown
group_color: 0.960393 0.221680 0.221680
group_num_points: 4
0 1 1 5 
num_children: 0
group_type: 0
num_group_parameters: 4
group_parameters: -0.997006 0.054674 0.054674 0.848390
group_label: unknown
group_color: 0.971974 0.971974 0.167668
group_num_points: 4
2 6 3 7 
num_children: 0
group_type: 0
num_group_parameters: 4
group_parameters: 0.054674 -0.997006 0.054674 -0.848390
group_label: unknown
group_color: 0.149161 0.985455 0.149161
group_num_points: 6
3 0 0 4 3 7 
num_children: 0
group_type: 0
num_group_parameters: 4
group_parameters: 0.054674 -0.997006 0.054674 0.848390
group_label: unknown
group_color: 0.160919 0.996729 0.996729
group_num_points: 4
1 5 2 6 
num_children: 0
group_type: 0
num_group_parameters: 4
group_parameters: -0.054674 -0.054674 0.997006 0.848390
group_label: unknown
group_color: 0.094556 0.094556 0.991845
group_num_points: 8
0 1 1 2 2 3 3 0 
num_children: 0
group_type: 0
num_group_parameters: 4
group_parameters: -0.054674 -0.054674 0.997006 -0.848390
group_label: unknown
group_color: 0.997611 0.090930 0.997611
group_num_points: 8
4 5 5 6 6 7 7 4 
num_children: 0
