num_points: 8
-1.000000 -1.000000 -1.000000 -1.000000 1.000000 -1.000000 1.000000 1.000000 -1.000000 1.000000 -1.000000 -1.000000 -1.000000 -1.000000 1.000000 -1.000000 1.000000 1.000000 1.000000 1.000000 1.000000 1.000000 -1.000000 1.000000 
num_colors: 8
0.105878 0.105878 0.964202 0.105878 0.105878 0.964202 0.105878 0.105878 0.964202 0.105878 0.105878 0.964202 0.984990 0.160769 0.984990 0.984990 0.160769 0.984990 0.984990 0.160769 0.984990 0.984990 0.160769 0.984990 
num_normals: 8
-0.054674 -0.054674 0.997006 -0.054674 -0.054674 0.997006 -0.054674 -0.054674 0.997006 -0.054674 -0.054674 0.997006 -0.054674 -0.054674 0.997006 -0.054674 -0.054674 0.997006 -0.054674 -0.054674 0.997006 -0.054674 -0.054674 0.997006 
num_groups: 6
group_type: 0
num_group_parameters: 4
group_parameters: -0.997006 0.054674 0.054674 -0.848390
group_label: unknown
group_color: 0.983308 0.059418 0.059418
group_num_points: 4
0 1 1 5 
num_children: 0
group_type: 0
num_group_parameters: 4
group_parameters: -0.997006 0.054674 0.054674 0.848390
group_label: unknown
group_color: 0.996467 0.996467 0.027531
group_num_points: 4
2 6 3 7 
num_children: 0
group_type: 0
num_group_parameters: 4
group_parameters: 0.054674 -0.997006 0.054674 -0.848390
group_label: unknown
group_color: 0.056025 0.977162 0.056025
group_num_points: 6
3 0 0 4 3 7 
num_children: 0
group_type: 0
num_group_parameters: 4
group_parameters: 0.054674 -0.997006 0.054674 0.848390
group_label: unknown
group_color: 0.210604 0.986378 0.986378
group_num_points: 4
1 5 2 6 
num_children: 0
group_type: 0
num_group_parameters: 4
group_parameters: -0.054674 -0.054674 0.997006 0.848390
group_label: unknown
group_color: 0.105878 0.105878 0.964202
group_num_points: 8
0 1 1 2 2 3 3 0 
num_children: 0
group_type: 0
num_group_parameters: 4
group_parameters: -0.054674 -0.054674 0.997006 -0.848390
group_label: unknown
group_color: 0.984990 0.160769 0.984990
group_num_points: 8
4 5 5 6 6 7 7 4 
num_children: 0
